baseMean	log2FoldChange	lfcSE	stat	pvalue	padj
ABCA12	71.5601290656587	5.92513521139127	1.36691905394142	4.3346642906956	1.45982729819901e-05	0.000823991408316776
ABCC9	455.086124801104	-8.04208988616578	1.02972457042144	-7.80994269455412	5.72139933030406e-15	5.1290662231667e-12
ABCG1	174.484143875532	5.84307913343002	1.57776040817962	3.70340078451557	0.000212728401224541	0.00740178272753881
ACCN1	41.3016296583047	8.87239748655909	1.49082173355407	5.951347023502	2.65944524293642e-09	5.62915909754876e-07
ADAM23	370.049075322097	-4.10795462324515	0.860828688665222	-4.77209307419207	1.82321209843163e-06	0.00014471746031301
ADAMTS13	163.524140453765	2.75508813859165	0.83846570973965	3.28586858900542	0.00101668429122793	0.0243238125562225
ADAMTS15	1031.32630306641	4.63100932352492	0.845764381751235	5.47553127495861	4.36200910003656e-08	5.97444852980975e-06
ADAMTSL1	4883.36823399007	-3.29035586074156	0.81521960006814	-4.03615892020571	5.43334195131724e-05	0.00242117343093786
ADRA1B	107.220162655047	-4.52187929294451	0.905803603688898	-4.99211890362225	5.97204691585971e-07	5.79706974507656e-05
AFP	160.750327268248	-4.30087449414182	0.976254655764166	-4.40548423379891	1.05547829200521e-05	0.0006318362816325
AGR2	238.007908446119	10.4365576257288	1.86358511801946	5.60025808578053	2.14032906386838e-08	3.36274380756229e-06
AGTR1	517.564337988041	-6.59084575992575	0.970945144452007	-6.78807221765918	1.1364176647187e-11	4.2876719260503e-09
AIF1L	795.231914648487	5.228946517357	1.28357777013293	4.07372785586298	4.6266542239782e-05	0.00213667304161903
AIM2	70.4825982166429	-5.1714740287724	1.32990748236796	-3.88859683649899	0.000100825441561979	0.00405430007758458
AKR1C1	3186.09167541736	-7.10170943379836	1.34622254821425	-5.27528635084792	1.32548952924067e-07	1.55388157120214e-05
AKR1C2	670.907893635699	-5.55725514931447	1.34104739605371	-4.14396625031135	3.41350002936416e-05	0.00166736347588173
ALDH1A3	8358.40623696406	-4.2079894724799	0.853251452743268	-4.93171087954306	8.15125046921735e-07	7.3073563029925e-05
ALDH1L2	1978.83824405909	-3.81813469278157	1.09048235378899	-3.50132643551275	0.000462948409792745	0.0130896730338431
ALDH3A1	45.8141040953415	4.6617317245852	1.52560898282557	3.05565303892693	0.00224570962803424	0.0435982353264227
ALK	45.2544476594136	6.09552374372592	1.15371068108839	5.28340756798362	1.2680285543489e-07	1.50974649752165e-05
ALOX5	90.541799808004	5.55305613091038	1.65602215166507	3.35324990992843	0.00079868555944982	0.020118955249612
ALPK2	1150.60123105822	5.05055793805675	1.36230096611572	3.70737308691575	0.00020942030786087	0.00730335352814568
ANKRD43	73.3315268191904	5.56166389867357	1.16203434519239	4.78614416319403	1.70015956355436e-06	0.000136370693413518
ANKRD56	50.5384847201717	5.34500988525694	1.14306898578878	4.67601689111403	2.92500524993517e-06	0.000214312884658712
ANO4	114.550177278368	-4.19349527395877	1.02243567182279	-4.10147590653078	4.10523257877589e-05	0.00194902630842818
ANXA10	33.3608525254744	-4.75097627861185	1.3266001836954	-3.58131736826498	0.000341866073026755	0.0105253312180359
APOBEC3H	16.414546546182	6.5648573498964	2.06271580145677	3.18262813774928	0.00145944921393933	0.0317480916150861
ARNT2	1544.30721748138	2.20041054430811	0.679974588200734	3.23601879024709	0.00121209404963329	0.0279944084266304
AS3MT	242.080432275142	3.73689096716585	0.755445282227125	4.94660706087029	7.55182010059284e-07	6.89160109778652e-05
ASNS	4704.45198792431	-2.92581148545433	0.781063616568641	-3.7459323714347	0.000179725007754923	0.00655265339278713
ASS1	2535.39455978456	4.05631978575006	0.658036567345654	6.16427716488793	7.08058286842395e-10	1.76898496581608e-07
ATP10A	1170.55981592176	7.84139265456804	0.993572886492432	7.89211618107874	2.97104939321736e-15	3.01858618350884e-12
ATP6AP1L	145.046890650527	2.78817606170696	0.735105434035824	3.79289273703162	0.000148902486511131	0.00560314541834476
ATRNL1	224.303819934356	4.17357124561085	1.23570263151287	3.37748835292287	0.000731510509215835	0.0187278524221268
B3GAT1	55.5578242300887	9.30041192925362	2.19571866761448	4.23570290057149	2.27837862301331e-05	0.00120564202134454
B3GNT8	25.9070738228588	3.61332967044482	1.10982223851278	3.255773352755	0.00113083982653549	0.0267193782269782
BCAT1	4662.19418786433	-2.70568761694648	0.453010885314027	-5.9726768266747	2.3339195277609e-09	5.00970895817974e-07
BCL2A1	201.786484819497	-4.17204697905307	1.36631019380968	-3.05351376133713	0.00226178347980166	0.0437326715603082
BEAN	86.8991821863773	6.50471395677837	1.52408012432411	4.26796062291217	1.9726813789194e-05	0.0010623202902732
BEND5	59.1294007350733	8.4241640476862	1.43964500271498	5.85155648218787	4.86993841259339e-09	9.39466600100295e-07
BEND7	492.86633368433	3.84627476600495	1.00174791361716	3.83956354060838	0.000123253228393292	0.00482873830517678
BGN	1386.02126823241	5.29584222136315	1.13413075189083	4.66951646671592	3.01909500206288e-06	0.000219100037292563
BIRC7	63.249607880365	7.66891815432623	1.95577957990603	3.92115667487166	8.81249394942823e-05	0.00361027977928189
BMP6	383.499618926288	-5.85602530718592	1.84170881758042	-3.17966947396135	0.00147443123870498	0.0317552463072482
BMPER	310.132494419149	-2.81667106658678	0.751708151971674	-3.74702743238697	0.000178942523301137	0.00653976991632931
BTBD11	1410.00720468149	-3.18208704355631	0.419781873188106	-7.58033456611501	3.44664996060077e-14	2.50128311426456e-11
BTG2	982.276330797361	3.4762646312926	1.00086162865452	3.47327196064638	0.000514154076722666	0.0140424876868341
C10orf140	71.7022662004025	2.12549928508343	0.681757260086856	3.11767752178047	0.00182282132266343	0.0370891815185457
C13orf33	398.140322393674	7.72140939798193	1.62968807933035	4.73796764909435	2.15872263252927e-06	0.000165321270953498
C17orf103	959.561669420723	2.13997318343803	0.510200151419504	4.19437974975917	2.73619257147338e-05	0.00139931459024343
C17orf108	158.649138623398	2.03360112796293	0.643964276893633	3.15794089972296	0.0015888776627369	0.0335380825209285
C18orf1	95.3067450590236	3.66331670040439	0.983698372203311	3.72402435941742	0.000196071994886166	0.00694915628387248
C1QL1	649.069774469557	4.29578612948697	0.63278787952723	6.78866689528953	1.13174406824124e-11	4.2876719260503e-09
C1QTNF2	164.58174461462	-3.82742032777439	0.794979051559992	-4.81449205518539	1.47574774494087e-06	0.000121569706123778
C1orf115	210.036714523603	3.1154789944178	1.02039629780941	3.05320491764438	0.00226411272054351	0.0437326715603082
C1orf116	185.85506245834	5.92493905192461	1.62586811309586	3.64416953884579	0.000268256556724328	0.00873553402666402
C1orf187	60.0799379967931	4.10815808068641	1.09368707530404	3.75624634637321	0.000172480917953668	0.00634929755945385
C20orf195	14.5802637678381	3.59331740578769	1.15465111656949	3.11203735416077	0.00185800987515795	0.0375544701557125
C21orf125	23.7913045142208	3.97871805624142	1.08698366081878	3.66032922081314	0.000251891395122902	0.00836345285767545
C21orf63	287.843159250679	-3.15377352924378	0.706585280516284	-4.463401115488	8.06688355327727e-06	0.000499753273788397
C22orf36	127.034403678224	3.33943744814276	0.903308084733778	3.69689755309448	0.000218250364977702	0.00750820668681757
C2orf72	24.1232165937308	3.99322963208478	1.30521305644078	3.05944658795708	0.00221746324254789	0.0432150125529793
C4A	2128.16625459416	5.9456839951752	1.08042800921792	5.50308206048735	3.73208599375847e-08	5.26638801341474e-06
C4orf32	594.623953639384	-3.29626504913009	0.72810824196386	-4.52716348909797	5.9780690117779e-06	0.000396112051041284
C5orf4	510.905564354319	4.07114695690397	0.74329113458491	5.47719025221186	4.32132528252163e-08	5.97444852980975e-06
C6orf105	307.617085731191	-4.40825705674347	1.11843026748974	-3.94146795279206	8.09844564554737e-05	0.00336295127079406
C6orf154	28.4925470879035	2.5640180713533	0.717898668301739	3.57155986571021	0.000354861409912288	0.0108378514770807
C6orf176	17.0275265978358	7.59530522409758	2.20803183322829	3.43985313517548	0.000582029929755774	0.0155889914402074
C6orf27	70.6743962400975	2.54980437272307	0.801518589083359	3.1812167645907	0.00146657851030319	0.0317480916150861
C7orf29	78.2133229458505	4.78032227377244	0.983681413218791	4.85962447753315	1.17608617635125e-06	9.84810622395227e-05
C7orf40	80.6093492929846	-6.562442355469	1.79535252242511	-3.65523888679235	0.000256942609327104	0.00847576919079018
C7orf52	58.4703854664227	4.46908639228484	1.33891106919268	3.33785155348635	0.000844288424860021	0.0210244372465142
C7orf58	658.409489533773	-2.91063361956689	0.740294109427941	-3.9317260295588	8.43381485982837e-05	0.00347381995848066
C8orf79	127.049333187687	2.83521790374766	0.748730076449058	3.78670230157445	0.000152659814549357	0.00573038318653253
C9orf110	26.9699646645302	-8.16782964498741	2.10334771820251	-3.88325219567953	0.000103068567451076	0.00413359202093265
CACNB2	37.3999759702733	2.79804532261276	0.849062738134107	3.29545179283421	0.000982635611611287	0.0238461253518408
CADM2	197.844799403429	3.2786517590708	0.867041440753738	3.78142451440452	0.00015593350641919	0.00583888608803062
CADM3	1987.74447874118	7.6809162812431	1.32476071895147	5.79796499953776	6.71244563704104e-09	1.24753257937202e-06
CADPS	372.250336071789	-8.75201504223432	1.6780021097227	-5.21573542221629	1.8308935649182e-07	2.05167778892305e-05
CALCA	22.5021638598053	7.99701015875626	1.80530064305376	4.42973871943507	9.43473249356572e-06	0.000572849893234827
CALCB	541.82515939916	8.93094408801151	1.67871194633814	5.32011707398226	1.03700498060628e-07	1.27451257293868e-05
CAMK2B	62.3925306993309	5.39704596680403	1.18637885091603	4.54917580723633	5.38564352368027e-06	0.000362666675427508
CAMKK1	593.659579109466	2.20012119303413	0.551859721416037	3.98673994070224	6.69873803650463e-05	0.00290024908171393
CAPS	297.597782068505	3.19417639400606	0.58347819267065	5.47437150887497	4.39067083555572e-08	5.97444852980975e-06
CAV2	8200.52489670281	2.04570380585531	0.669905186528658	3.0537214026597	0.00226021872259213	0.0437326715603082
CCL28	193.31779983983	3.31609829821145	1.0464716197352	3.16883729637173	0.00153050046617114	0.0327136425027324
CCL3	32.4871638847805	-8.43652467048082	1.85418123931153	-4.55000001704978	5.36459112459936e-06	0.000362666675427508
CCNA1	421.940629536065	5.83292716271459	1.05569553287395	5.52519829920609	3.29113675485769e-08	4.75202101337777e-06
CD36	21.1067430235918	4.67354776004675	1.49726032220698	3.12139959279618	0.00179993615960158	0.0368201705668833
CD4	59.59015252177	4.2911084514808	0.836079516756696	5.13241667267102	2.86045378760881e-07	3.06995181149002e-05
CDC42BPG	91.9045249743489	2.9301522292462	0.780064099386087	3.75629673452764	0.000172446211276247	0.00634929755945385
CDH11	3835.7817817486	5.0185658398619	0.990206134813129	5.06820313813649	4.01588696405013e-07	4.0531203531208e-05
CDH16	148.359731246675	5.15980123519777	1.4304666999351	3.60707539394791	0.000309667703555415	0.00971056749420683
CDH1	50.916158880075	8.20893428413918	1.43761897604669	5.71009037924147	1.12916193528618e-08	2.02452092867781e-06
CDKL2	102.407467161658	4.88269241880426	1.13332259290877	4.30829884567323	1.64515002357445e-05	0.00091503964814871
CDON	862.840720540102	2.96326436963408	0.879226668931953	3.37030765142022	0.000750843044640214	0.0191672495817703
CDS1	223.070014292243	3.22074884823435	1.00095087416392	3.21768923067736	0.00129227751429851	0.0291335936655462
CELSR2	3469.87081276974	2.95288048484435	0.616291372799472	4.79137079500406	1.65645676546264e-06	0.000133568259818257
CFB	1856.47681984225	2.82734013679979	0.797067029407522	3.54717988887512	0.000389378622313538	0.0115675052710689
CFH	14585.5797832391	2.12008021223067	0.669964886558534	3.16446466787397	0.00155368525042139	0.0330239375403375
CFI	311.452646756435	5.7194122179795	1.34687519972957	4.24643071542772	2.17202904022593e-05	0.00116146394993134
CHAC1	489.610401394178	-3.14002139324343	0.759234904937844	-4.13577059329286	3.53765473148664e-05	0.00171155105104306
CHDH	113.757251032175	6.49636630943042	1.1759301716356	5.52444904138709	3.30521146599766e-08	4.75202101337777e-06
CHI3L1	505.879834635009	9.57757068345193	1.67792736410079	5.70797692937358	1.14326912052384e-08	2.02597923218411e-06
CIB2	189.490214744103	2.32100971436968	0.549563529960786	4.22336925184117	2.40677018118695e-05	0.00125613621785236
CILP	312.635832806573	8.12271703957821	1.53538094614529	5.29035941208662	1.22076228059617e-07	1.46491473671541e-05
CLCNKB	12.4559946272101	6.15940856272306	1.92287741815577	3.20322476335	0.00135897872515277	0.0302789996656846
CLDN16	989.281214436096	4.76903815925891	1.2856510019498	3.70943448262885	0.000207722699943446	0.00726076593380301
CLIC3	196.183919395812	5.45990597026229	0.780485346718309	6.99552655692955	2.64264518248388e-12	1.18452684061924e-09
CLIC5	38.4455359289804	7.80273361709983	1.9268633157442	4.04944842394607	5.13384902779602e-05	0.00233551818458541
CMPK2	465.85817635624	-2.69215389440067	0.733135942826068	-3.67210736391269	0.000240558573458899	0.00811086871573811
CNKSR1	32.9769232502901	2.99179069626683	0.952313635097583	3.1416022894183	0.00168026104415938	0.0350303396894513
CNTN4	293.150723546247	7.83546217034282	1.57029244134437	4.9898107919533	6.04384618383169e-07	5.82846299656718e-05
CNTN6	220.971121454261	9.39798511261866	1.27452810096537	7.37369784589317	1.65959095479354e-13	9.72775621194366e-11
CNTNAP2	84.4906589524473	4.30830162882841	1.38397172212587	3.11299830766092	0.00185197079699291	0.0374821181224064
COBL	16.969535241185	6.61458915341914	1.92056481457403	3.44408535615406	0.000572994777397476	0.0154283399426458
COL14A1	728.81034913717	6.93861877581709	1.02250261486403	6.78591787928067	1.15350753916051e-11	4.2876719260503e-09
COL21A1	303.4355506519	6.01163106794076	1.35678954011184	4.43077639546456	9.38944129805211e-06	0.000572380341529257
COL3A1	2876.9919703098	6.95369246188577	1.04295858284899	6.66727574444117	2.60595208375633e-11	8.8254910569881e-09
COL6A3	12184.9171020974	-4.77829257398502	1.26620700895765	-3.77370567386018	0.00016084050276816	0.00596401280337409
COL8A2	536.701424728221	5.56023057495163	1.24764271227863	4.45658882966321	8.32741039042564e-06	0.000513804592510473
COL9A2	684.730042007939	5.85059150533953	1.04398341968883	5.60410385356824	2.09335171367469e-08	3.32797290817767e-06
CPAMD8	207.600673440914	6.9854325510249	1.41527711306827	4.93573483703183	7.98495347801926e-07	7.20063260384695e-05
CPNE7	662.078519294279	-2.40215420878929	0.79725026716831	-3.01304911106685	0.00258637058688645	0.0480100946944573
CRABP2	651.96166277948	4.59202361932248	1.06817002143031	4.298963205477	1.71598954739459e-05	0.000940707938931422
CRB2	52.5969777225298	5.13156283982434	1.66488973768698	3.0822238396121	0.00205460274464336	0.0405597743890735
CRYAB	1012.5386597526	5.04844016449246	1.03188602340842	4.8924397171472	9.95936260475222e-07	8.67318206265279e-05
CSPG4	1125.81275632712	4.31123980499142	1.05600323166314	4.08260095776553	4.45344549930006e-05	0.00208832336644101
CST2	41.737811132154	6.31017718281927	1.95057441772416	3.2350353441945	0.00121627673767243	0.0280405603606372
CST6	146.095862466535	7.32965040309293	1.47670366788215	4.96352149893751	6.92263743821903e-07	6.39399967020957e-05
CXADR	584.882745651792	3.25286740298437	1.01262907363108	3.21229904185967	0.0013167723423635	0.0294678568246986
CXCL16	383.547775730243	2.89542599988988	0.832732163361302	3.47701953555218	0.000507020873724665	0.0138725280351237
CXCL1	13833.3894247557	-3.32656890171102	1.02943454904463	-3.23145255305281	0.00123162769612872	0.02826808145934
CXCL2	1117.20160661393	-2.98291590374425	0.778865317490491	-3.8298224824739	0.000128235732580587	0.00494762674564086
CXCL6	2055.83914761673	-8.61803512443998	2.50097931470983	-3.44586421557024	0.000569236306858431	0.015354267816854
CYGB	251.58979336272	4.05209168962813	0.891036620357901	4.54761521249321	5.42572191584461e-06	0.000362666675427508
CYorf15A	56.7970407138418	8.36650501760983	2.34564945146491	3.56681814172393	0.000361342058729747	0.0109698266435087
CYorf15B	45.060145985	8.03034081240914	2.07717986768911	3.86598240110184	0.000110642916734016	0.00437973519747119
D4S234E	33.2119701062447	4.66323697969092	1.03639043780917	4.49949826780394	6.8114034839904e-06	0.000439855038542431
DAAM2	338.521491359559	7.20312156982236	0.763100975602859	9.43927710763547	3.75360021422485e-21	8.17212389496954e-18
DAPK1	510.277019510348	6.82873207317414	1.00892955230606	6.76829423577303	1.3030954365623e-11	4.72837486981179e-09
DARC	130.61727205813	8.12439040031387	1.71392472261579	4.7402259230583	2.13480046884533e-06	0.000165149031193923
DBC1	468.480739165541	7.58222628528856	0.832148664168369	9.11162465527247	8.11573955902314e-20	1.37426523199459e-16
DBP	771.594240161647	2.60632347993741	0.623101587907184	4.18282272187957	2.87911896295351e-05	0.00145290639057654
DCN	96.4318025938182	4.97064005621827	0.974678030266439	5.09977644090273	3.40054884113645e-07	3.62408142230206e-05
DDR1	4557.72684885602	2.62399231857	0.581621761639655	4.51150987056036	6.43677873953151e-06	0.000417813279632925
DDX3Y	1000.1818347463	10.2675295543701	1.57283412601758	6.52804347548554	6.66343576739301e-11	1.99119139402097e-08
DDX58	1991.25908068871	-3.21361408626889	0.826053545175	-3.89032176550745	0.000100111386537227	0.00403623685404059
DEPDC6	1394.41228505924	4.59174575036888	0.647465842149422	7.09187334906417	1.32308574344774e-12	6.30119585316987e-10
DGKI	821.188919965687	3.1743191036863	0.803369078538189	3.95125875327725	7.77412142924704e-05	0.00325487941158585
DHDPSL	81.1614077365062	4.67010928751282	1.42061030721583	3.28739645474308	0.00101118367552658	0.0242859112877201
DHRS3	2073.76417259259	-4.2506714562635	0.87832613630953	-4.83951379851178	1.30157154856455e-06	0.000107804078261542
DKK1	11147.1378108863	-5.68223214025598	1.35569355119626	-4.19138391212526	2.77258042986925e-05	0.00140847085837358
DMBT1	71.6728292183161	-4.7234038035906	1.46026412988077	-3.23462290618361	0.00121803483981246	0.0280405603606372
DMRT3	28.8977528689478	8.35673338593277	1.86749594973644	4.47483347265742	7.64708896572538e-06	0.000483575252438402
DNALI1	35.7516933745583	5.24467385753466	1.51774711326371	3.45556503563804	0.000549140696401341	0.0148648387445052
DNER	627.724365805026	-6.36609336305627	1.04931064197576	-6.06692918988171	1.30379004112868e-09	3.10465003543766e-07
DOCK10	1134.76768429067	-2.15619337725878	0.610959636161748	-3.5291912094303	0.000416831839884018	0.0121884986046924
DOK7	180.950175575012	7.2367560482326	1.275912732209	5.6718268150703	1.41282765288219e-08	2.39311507946231e-06
DPF3	447.583316772163	-2.44373639622898	0.665276862297978	-3.67326226826514	0.000239473470071867	0.00809218555187416
DSC2	443.667136904059	3.7274923448535	0.74149745812037	5.02697926207645	4.98266212608127e-07	4.93089420788821e-05
DSCR6	14.9403299799224	6.42845151699798	1.68268132859963	3.82036182831356	0.000133256040616373	0.00511542080351015
DTX4	200.832759853391	3.29837801400933	0.797982160499433	4.13339818517368	3.57438677058763e-05	0.00172384982227074
DYSF	970.043726177984	4.14551638843687	1.08166542820691	3.8325310954136	0.000126831561729551	0.00493090051213866
EAF2	66.9474496846317	-2.35872332452255	0.632741814903454	-3.7277816464247	0.000193172628960688	0.00689449851372571
EBI3	78.0204767961809	5.01396346382193	1.07616805030562	4.65908968622328	3.17610809143816e-06	0.000229402309542738
EFNA1	192.464214242979	4.35989778365583	1.25243796424982	3.4811287330046	0.000499305452633711	0.0137602443004299
EFNB3	447.45092183838	4.02024520101885	0.854561116032758	4.70445603666425	2.54543707566387e-06	0.00019015912271136
EFR3B	577.163440796815	-5.71074131808843	1.25946031508055	-4.53427650693637	5.7801268007629e-06	0.000384668700627191
EIF1AY	248.344897936046	11.4605782440022	2.07659358426079	5.51893174035874	3.41066634813011e-08	4.85780889210308e-06
EIF3CL	12.7186335736779	-7.0848734292011	1.95630005550718	-3.62156787209431	0.000292822957086893	0.00929712888750886
ELF3	141.266835475819	5.10448311646856	1.33474296286465	3.82431918240889	0.000131133943125326	0.00504666993239892
EMP1	21329.1104948663	-3.03815360268011	0.798840719173282	-3.80320322907962	0.000142837082386006	0.00544209283890684
ENO3	360.576670423632	2.73097639076072	0.737956184238779	3.70072973042132	0.000214980353018884	0.00745944569029962
ENPP5	238.263967581412	5.28837653515786	1.27644222026929	4.14305986685569	3.42702437727868e-05	0.00166862145398489
EPS8L2	4410.59725854752	3.74031694658346	0.631316611884515	5.92462937957296	3.1300249973599e-09	6.53446314517328e-07
EREG	319.657638610792	-4.87070311292857	1.37195021670133	-3.55020397506808	0.000384932776697372	0.0115026970918979
ESM1	33320.0437335586	-13.9972080283076	2.57452379671559	-5.43681439113683	5.4241589654589e-08	7.18818979422554e-06
ESPNL	22.3332498262619	6.19038579519067	2.03020096039645	3.04914927928211	0.00229490416516435	0.0441251079486994
ESRP2	62.0560412413886	3.91921056326106	1.10044886653416	3.56146540057289	0.000368790713212271	0.0111736987462326
ESRRG	169.503006215624	2.10104397349767	0.578847976404127	3.62969909051009	0.000283751806675954	0.00906578099316886
F2R	5022.14083197625	2.5113198870826	0.617368365018606	4.06778194248246	4.7462764286127e-05	0.0021787124328933
FAAH	112.181792425009	3.08504669486157	0.805362180666297	3.83063268790351	0.000127814185927248	0.00494387866378493
FAM101A	64.123242660723	4.72572489158404	1.16881414769237	4.04317906393774	5.27313178733963e-05	0.00237959537970857
FAM107A	42.2158314985669	3.6962002628794	1.23230805211035	2.99941257102847	0.0027050074458968	0.0494967709473821
FAM110B	279.4521290055	2.71106263340408	0.895378164650696	3.02784090615134	0.0024630772221478	0.0463996252973207
FAM110C	94.2119857746232	7.64975401030417	1.66605452405746	4.59153881211173	4.39989796225258e-06	0.000306184680112919
FAM124A	386.960844544654	4.54953455129586	1.26551549253444	3.59500502217047	0.000324385319217446	0.0100890454385181
FAM163A	170.63883725836	8.50974793070574	1.65056324653872	5.15566304323746	2.52735020670586e-07	2.75120122501409e-05
FAM180A	160.579113636288	-6.19821054341453	1.44578671775562	-4.28708499482993	1.81033039847221e-05	0.000985336974025589
FAM189A2	36.068754294619	3.51061354268492	1.00173954189218	3.50451728805048	0.000457435866705465	0.0129921409540857
FAM196B	251.701681195831	-5.62537758750314	0.906954821921604	-6.20248930986927	5.55769611323603e-10	1.46033256492616e-07
FAM38B	236.144045912497	6.29289015720113	2.07640359038783	3.03066811593489	0.00244013301515107	0.0461514571542106
FAM46B	201.271909286294	2.61278343064881	0.691720226760654	3.77722571867611	0.000158584997804287	0.00592168168496465
FAM65B	60.0423438255469	4.5632918556357	1.34423266343095	3.39471877136849	0.000686991287072978	0.0177754621646726
FAM7A2	20.7411109835518	4.14238959599601	1.26614581362102	3.27165287870699	0.00106920763747455	0.0255003511660596
FAM83H	1451.32123647065	3.12649730232111	0.530904390649374	5.88900253489512	3.88533488431031e-09	7.79111889959067e-07
FAM84B	904.731577789216	2.12861403949356	0.572968318108578	3.7150641182401	0.000203152174903057	0.00716675728130227
FAP	240.264657726382	-2.21248961985653	0.592371241386707	-3.73497135795657	0.000187736552781214	0.00674788930279647
FAT2	492.548269989635	6.31638739084871	0.85107403923717	7.42166615317062	1.15656042319026e-13	7.34415868725812e-11
FAT3	172.453670937015	6.30008469989228	0.844563483323599	7.45957506367626	8.68019667542142e-14	5.75157379710532e-11
FCGBP	465.555670265216	5.21975164842282	0.784527940659826	6.6533661554906	2.8646432820677e-11	9.28875821674717e-09
FGF12	211.488296548595	-2.64916945734602	0.631076314140245	-4.19785911463838	2.69450166162186e-05	0.00139200696010567
FGF9	22.4641907100148	4.53704056386852	1.32879743053069	3.41439594901725	0.000639236045060169	0.0167675685485662
FLG	1262.77578469167	4.84859583408912	1.46195135254508	3.31652337517819	0.000911449624527885	0.0223319811540273
FLI1	258.564899706759	-6.40244060428558	1.5729661113784	-4.07029786463426	4.69530655502869e-05	0.00216182694557816
FLJ16779	281.842404575217	6.35007730661164	1.2041706657846	5.27340308732245	1.33916984978262e-07	1.55793500081582e-05
FLJ45983	55.8750438965108	-9.21993831519609	2.76469354720361	-3.3348861845906	0.000853343183759313	0.0211462603585235
FLVCR2	280.157923045353	3.60185193948628	0.684914847494171	5.25883174041855	1.44973462269967e-07	1.66119967292804e-05
FMN2	758.145460352115	-5.77961948449866	1.65663599888127	-3.48876849736554	0.0004852512093375	0.0134703614395328
FMOD	490.423435109062	5.21604177271089	0.89363455275804	5.83688461531901	5.31859007128532e-09	1.00068287267146e-06
FNDC1	2895.50378187352	6.31400664456348	1.23908984118709	5.09568106741515	3.47489711478444e-07	3.65465212767631e-05
FOLR1	41.6365661335907	5.99362160777346	1.52765386590521	3.92341599202641	8.73022162662952e-05	0.00358621502937558
FOXE1	3660.07218747021	4.66294822373986	0.993728045534134	4.69237860871029	2.70046773072561e-06	0.000199782175807079
FOXF1	388.577395866869	-11.0551939470029	2.13372976923325	-5.18115935129666	2.2051100384808e-07	2.41768899183075e-05
FOXG1	402.159140956299	-11.1049965272865	1.65049483140842	-6.7282831281636	1.71676630248891e-11	5.94625419316613e-09
FOXL1	1722.28234321798	-4.687050293177	1.30774242386951	-3.58407757340194	0.000338271547137988	0.0104357457052286
FRY	195.856067375541	3.12519573716299	1.0086635985935	3.09835285175435	0.00194599581484561	0.0387672891741792
FUCA1	2479.16280665433	2.41370141251391	0.549622154884422	4.39156498889947	1.125376865852e-05	0.00066474509449741
GALNT12	354.070270942688	-2.67679397541227	0.757148847495078	-3.53536029839849	0.000407219503660955	0.0119576594138592
GALNT6	1204.1553277642	-4.53901189227212	0.812799000905774	-5.58442110191313	2.34479934397631e-08	3.57347420021989e-06
GALNT9	46.5165381942405	7.22323940600451	1.96164590118568	3.68223408803727	0.00023119896893505	0.00786489349680839
GATA2	75.5184089387014	-4.20544647466249	1.1950028906889	-3.51919355796548	0.000432860777979065	0.0125176437502864
GATA3	1228.19229519694	-2.92244534784641	0.791918444344974	-3.69033625711758	0.00022395781204185	0.00765272882403093
GBGT1	179.4639809113	3.17373868046242	0.766327508660739	4.14149126136547	3.4505502162139e-05	0.00167472564634076
GCNT2	1085.58977242594	-4.35315460061842	1.36969160210821	-3.17820054815121	0.00148192208839977	0.0318540093472673
GDF1	39.6540900446728	3.49249897217942	0.982141194293572	3.55600497410301	0.000376536950743646	0.0113407571725952
GDF6	364.298829085752	4.9769976517661	1.62175631681749	3.06889364336369	0.00214853065955322	0.042032871953262
GFRA2	151.165427953603	9.78117932874754	1.63041096910749	5.9992109437916	1.98278644852832e-09	4.51009932471217e-07
GNA15	109.586457780984	4.28124773597717	1.37412682945793	3.11561323467211	0.00183562856998208	0.0372007704874027
GNAO1	100.431539004797	5.05085180395651	1.4483064461178	3.4874192664787	0.000487706143701986	0.0135072769259892
GNG11	4986.9237012809	-2.7158678448771	0.7382937076986	-3.67857373909222	0.000234541883094517	0.00796084253532391
GPC4	1156.8175300696	7.74520498343926	1.08676699225662	7.12683126983522	1.02705865779511e-12	5.21745798159918e-10
GPR116	775.032370719714	7.86130388801257	1.23949422275243	6.3423481479048	2.26289218418133e-10	6.27026852489517e-08
GPR133	51.9697127319475	7.2972525407567	1.93349170869165	3.7741317989383	0.000160565861538674	0.00596401280337409
GPR183	25.3288940469056	6.302195792405	1.66147925630923	3.79312336791045	0.000148764200039034	0.00560314541834476
GPR56	7659.33668060894	4.80922158402185	0.72223964641931	6.65876154523615	2.76144532662296e-11	9.14878842994216e-09
GPR87	17.5137957368668	4.77676946781589	1.46546244842424	3.25956456472303	0.00111583379970415	0.0264468228732368
GPRC5C	3730.2368667423	6.02009709918971	1.18174268595733	5.09425374129801	3.50117592283951e-07	3.65465212767631e-05
GPRIN2	31.3358960953177	7.50594766828968	1.8852859896844	3.98133106030571	6.85304207436468e-05	0.00292550031409854
GPX3	3120.00245892465	3.94679427063946	0.753805303975792	5.23582714239724	1.64247619507603e-07	1.85417312688583e-05
GRAMD1B	733.404346953667	-4.60880115206264	0.977739540053133	-4.71373097155525	2.43221740974501e-06	0.00018349996695304
GRAMD3	1991.71863408802	2.64434650301007	0.576934113965236	4.58344625322226	4.57374486060578e-06	0.000316835780343782
GRIA3	64.6468574659274	6.66428535773006	1.83092112418382	3.63985387994299	0.000272792798250698	0.00880797085877252
GRID1	300.713550127435	6.91172355425282	0.940291061388096	7.35062135340248	1.97287569157614e-13	1.11357872368964e-10
GRIK4	108.597285781573	7.38230982572488	1.18526507669188	6.22840406833649	4.71210476618999e-10	1.2598680111708e-07
GRIN2B	14.6800209572446	4.89144179457738	1.50049339679478	3.25988891722286	0.0011145585648468	0.0264468228732368
GSG1L	85.7179131132109	6.35537963474437	1.68278773178464	3.77669715241168	0.000158921772253972	0.00592168168496465
GSTM1	430.011736195355	8.01062454617233	1.11942584189331	7.15601181104039	8.30579904016948e-13	4.36484059904079e-10
GUCY1A2	564.462633684259	2.78704807894827	0.798531255630755	3.49021789603815	0.000482626861869305	0.0134219587132997
HDAC9	1101.06211480082	-3.34628007019606	0.659681399930296	-5.07256998689009	3.92478716266363e-07	3.98758375726624e-05
HERC6	1653.4906707614	-2.65299966594895	0.746361883304383	-3.55457550190435	0.00037858979415792	0.0113800955877055
HES2	48.5939462112478	4.59194156228263	1.35912218382	3.37860835247082	0.000728537164709625	0.0186917615996207
HLA-DMA	366.537154225214	3.41604059839846	0.715466277474409	4.7745654909929	1.80095669860481e-06	0.000143699372181871
HLA-DOA	170.809461013928	6.48248451817433	1.4715763352609	4.4051296306182	1.05720637674729e-05	0.0006318362816325
HLA-DPA1	829.307359714022	3.78287824219506	1.08361765316445	3.49097140596414	0.000481267757957373	0.0134219587132997
HLA-DPB1	270.993948764426	5.62424168211318	1.32809649740803	4.23481403127687	2.28740925591604e-05	0.001206232424227
HLA-DRA	1224.71923848774	4.19148393564271	1.23246035923462	3.40090770809512	0.000671624989392168	0.0174668341951137
HMCN1	2188.504490232	3.25535889980658	0.777954853233657	4.18450876201274	2.85783424794297e-05	0.0014469566092575
HOXB2	1027.70184866483	-5.09207763621312	1.56541421521915	-3.25286278015576	0.00114248654081434	0.0268281893405401
HOXB5	339.182300863416	-6.70544501235948	1.02631039825356	-6.53354484546772	6.42309490891612e-11	1.95775932823763e-08
HOXB6	679.245687731756	-6.14545673555354	1.47498023756948	-4.16646716953999	3.09356420561756e-05	0.00154524643077997
HOXB7	594.73549304462	-4.06098519745508	1.29079671654763	-3.14610747408515	0.00165459192802797	0.0346373365153108
HOXB8	497.299103275066	-9.94931905537387	1.09337903923022	-9.09960653935583	9.0659665382919e-20	1.38165330043569e-16
HRNR	26.7758396167547	3.91248661380873	1.21553059014473	3.21874796531683	0.00128751596380178	0.0291123787660818
HR	41.1569986646599	4.46207546642294	1.08922567327439	4.09655737640596	4.1933959035633e-05	0.00198470042143803
HS6ST3	248.868035891746	-5.52176561292132	1.36576576347872	-4.04298142520201	5.27758030407806e-05	0.00237959537970857
HSD17B8	179.571724861051	2.16915604954132	0.66981011756423	3.23846414477804	0.00120175125358248	0.0278338740191444
HSPB2	56.0153513014616	5.7610356494853	1.38027675938132	4.17382645207152	2.9952595554053e-05	0.00150651598295328
HSPG2	19610.3287089217	2.09392098964675	0.460381842745541	4.54822670060011	5.40998408809169e-06	0.000362666675427508
HTRA3	148.503790400197	-5.07433472309433	1.5816321553723	-3.2082900602763	0.00133526755358587	0.0298379435727987
HUNK	78.2826830939347	4.84835285858168	1.13209310796359	4.28264497370087	1.84684723907301e-05	0.00100163529976771
ID4	276.582580291918	4.63330250406926	1.00117029742405	4.62788650041901	3.69416368046805e-06	0.000263079693880061
IFI27	1132.8178513928	-4.82846349031668	1.37938187411539	-3.50045450134192	0.000464465517801673	0.0131082490579583
IFI44	1923.70189371061	-3.12891423521134	0.721132152901279	-4.33889159237042	1.4320313627787e-05	0.000811306987685776
IFI6	8083.54045460796	-5.02524883342719	0.969245809682021	-5.18470008663315	2.16362752402634e-07	2.38939735262039e-05
IFIH1	1386.18515331885	-2.57032184935697	0.542474168232488	-4.73814607197187	2.1568232497183e-06	0.000165321270953498
IFIT1	6007.69056265233	-4.79291900179451	1.06858021166453	-4.48531514010406	7.28062456491673e-06	0.000462319659872212
IFIT2	1737.87650805093	-2.98301475521641	0.797080427706934	-3.74242629918544	0.00018225199439262	0.00661314379653219
IFIT3	4608.5019554956	-3.34866718981096	0.710770871335088	-4.7113174229002	2.46120536285152e-06	0.000184772264679099
IGF1	29.5058543739036	5.81829827674764	1.65226166435067	3.52141455695773	0.000429250975591405	0.0124843222672004
IGFBP7	19089.3981115914	3.58194079625528	0.96124576056364	3.72635276347534	0.000194270467225685	0.00691748112270898
IGFL1	18.1530471253274	7.68746907031751	2.52130468302407	3.04900439922124	0.00229601119444348	0.0441251079486994
IGSF3	939.971051273884	3.11837131806952	0.928728464399661	3.35767819939197	0.000786000610334995	0.0198650900522476
IL10RA	40.7401446537695	3.99296212848918	1.3164564444301	3.03311373907075	0.00242044353242173	0.045880049047397
IL1A	1453.0072524507	-7.44850324068195	1.09550777162515	-6.79913318153126	1.05250486535428e-11	4.22109845999978e-09
IL28RA	137.537199908452	5.93014169979094	0.768236241593662	7.71916420851117	1.17094970348226e-14	9.74750506459508e-12
IL7R	504.283659737463	2.32928949670492	0.685184858745374	3.39950520939711	0.000675078938484842	0.0175267513160289
INHBB	1119.52785848238	8.78935059825531	0.994348104867483	8.83930944830097	9.63120211703491e-19	1.22316266886343e-15
IQCA1	473.48433789704	5.1274726231306	1.17954062433888	4.34700807867851	1.38007138097313e-05	0.000787726136555448
IQCJ	45.3347012597953	-6.40829538924624	2.0915584492957	-3.06388539675003	0.00218482588637949	0.04263347824382
IRF5	50.217485458326	4.58131257036026	1.46064109022384	3.13650807239592	0.00170972730075702	0.03540250552111
IRF7	1255.59196860995	-2.61740385816735	0.823052441412828	-3.18011796875833	0.00147215108292624	0.0317552463072482
ISG15	4762.03097836604	-4.34306374873552	0.951696117303208	-4.56349844217325	5.03081833282774e-06	0.000342275318715602
ISLR	362.564275544248	6.75716645775127	1.76359750359417	3.83146746577965	0.000127381220599337	0.00493966870721093
ITGB3	13017.0815077406	2.86304320693575	0.947607163089897	3.02133976868655	0.00251658794585753	0.0471164622787085
ITGB4	2381.0291107198	6.87224915343727	1.1502753995632	5.97443808330327	2.30884601097681e-09	5.00970895817974e-07
ITGBL1	1542.65527469102	5.31302760897915	0.835740758714056	6.35726755406095	2.05374104564346e-10	5.79611361770489e-08
ITIH5	1141.06984093232	7.37778635414548	1.45171514920316	5.08211707936997	3.73251221202829e-07	3.81768363163162e-05
ITPRIP	1986.78312990858	-2.39623407220759	0.515926437085063	-4.64452662233417	3.4085709542369e-06	0.000245031232747973
IYD	34.2322150882474	6.01764777242576	2.0063075503184	2.99936456475516	0.00270543374010297	0.0494967709473821
JAK3	71.468667415401	4.25193500993938	1.24917021266242	3.40380755707985	0.00066453554081096	0.0173416466471901
KALRN	483.480683167313	2.81072935424795	0.808214244532176	3.47770331105078	0.000505729357011158	0.0138620780590828
KAZ	1194.17501515189	3.06278255554234	1.02175237244436	2.99757811984832	0.00272134102784888	0.0496682095890052
KCND2	65.2403201130402	6.73231556308922	1.27465795555649	5.28166441337594	1.28015526998973e-07	1.5123694817553e-05
KCNG1	1233.16229906772	-4.76273676478122	1.51994581254742	-3.13349115834526	0.00172740122685327	0.0356715375301406
KCNJ12	394.028531909877	5.32421762657309	0.767200139252631	6.93980273747041	3.92647826724376e-12	1.70970082265128e-09
KCNJ16	4315.17720273934	12.7195213745742	1.02972832608644	12.3523079363231	4.73337467390743e-35	7.21366300303492e-31
KCNJ6	28.5958369865556	3.37952899707022	1.06191209512128	3.18249411848375	0.00146012481302279	0.0317480916150861
KCNJ8	176.708289678271	-5.49385586628224	1.47071641535675	-3.73549639408192	0.000187345264300128	0.00674788930279647
KCNK2	352.156761352429	-3.03516214213159	0.953802723712826	-3.18216971567951	0.00146176134022785	0.0317480916150861
KCNMB4	89.5869652156715	3.18542715538034	1.05643817214746	3.01525185227377	0.00256765949334053	0.0477522365334444
KCTD19	21.3247748401615	5.48438320118338	1.80020032349867	3.04654050418374	0.00231491287829325	0.0443764431008668
KCTD8	15.7794022709002	5.5066476406747	1.8072357173409	3.04700022683094	0.00231137535355186	0.0443644337381994
KDM5D	494.830478790008	8.79947487804078	1.58145650443948	5.56415864321201	2.63420224478959e-08	3.89759633112556e-06
KIAA1199	2616.63390789599	5.4467824774197	1.31111462945162	4.15431447035097	3.26264216084362e-05	0.00161385455574194
KIAA1274	388.083050254339	-4.32156367132416	1.41874030239805	-3.04605688864943	0.00231863960799909	0.0443920447561635
KIAA1486	68.6730303743686	9.60647530367416	2.1843937758695	4.39777635781363	1.09365584129178e-05	0.000648533658415824
KIF12	13.0430544792967	6.231203853475	1.95482038170187	3.18760941506559	0.00143454171504423	0.0314115168638996
KLHL30	22.277553969184	5.48115173587836	1.2954751216021	4.2309972954941	2.3265746970203e-05	0.00122265511664101
KRT19	9261.59168856075	10.2866985571201	1.3565219495067	7.58314199107566	3.37285366651145e-14	2.50128311426456e-11
KRT222	15.2277555835103	6.45642537463105	1.8395498964319	3.50978540302403	0.000448468479773001	0.0128471045709409
KRT8	14637.1517321202	3.96088667618518	1.0934444629759	3.62239401295726	0.000291889069016376	0.00929712888750886
KYNU	2140.36683011169	-7.5126301747395	1.54039501153829	-4.87708030632814	1.07667609690911e-06	9.27036368186153e-05
LAMA1	1030.49476184893	4.35251094279098	1.2976379280468	3.35417981296397	0.000796006173490873	0.0200846590794717
LASS1	135.401322920213	3.61934611054795	0.910824384069093	3.97370357431427	7.0763622116167e-05	0.00298736177576284
LBH	932.781188154671	2.65219317614214	0.87514280889281	3.03058329359704	0.00244081853453371	0.0461514571542106
LFNG	261.464976604715	2.68671475721701	0.724253123410369	3.70963503003728	0.000207558236130599	0.00726076593380301
LMO1	29.9854690505271	4.45461648169465	1.4092245772582	3.16104086856163	0.00157206439604414	0.0332292113671466
LOC100130093	112.413214663696	2.35560391553579	0.548874369308247	4.29169960788036	1.77310711702728e-05	0.000968535930591248
LOC162632	76.9222571724076	4.89307989564655	1.56408724703172	3.12839319221642	0.00175764879133328	0.0361980642971882
LOC283392	182.996973533793	-5.42594226836707	0.940472288459646	-5.76938027302639	7.9563581560818e-09	1.4609023891408e-06
LOC339535	182.542221233337	7.28981505056697	1.41728128282276	5.14352030109931	2.69637501648359e-07	2.91437980505035e-05
LOC645166	632.609098034977	-2.71346224122612	0.692486405839852	-3.91843394807904	8.91261448169986e-05	0.00363996746452856
LOC727677	25.7781773375202	-5.15874710963319	1.6636294925058	-3.10089904805844	0.0019293405506066	0.038536238520635
LOC728024	19.2948850346275	4.52860443075808	1.42337762458874	3.18159029095777	0.00146468859296116	0.0317480916150861
LPAR3	182.328168320963	-8.47834220674703	1.51511234488274	-5.59585052249256	2.19542797457116e-08	3.37962851843076e-06
LPAR5	99.3706336520753	4.96618949820345	1.36068041799935	3.6497839114238	0.000262461007161773	0.00862048652833064
LPL	89.6046216543857	5.58894699762439	1.6800288152073	3.32669710604622	0.000878818424285858	0.0217069575139651
LRIG1	1264.0163722884	-3.47909182535012	1.04845137424903	-3.31831490787265	0.000905623209510117	0.0222249560594753
LRRC15	49.8637551330092	-4.58161682793704	1.46093844022602	-3.13607794947761	0.00171223687424756	0.035406363586883
LRRC32	142.56910168304	6.36397928949758	1.12107627908631	5.6766692938007	1.37342626247897e-08	2.37852457274767e-06
LRRC61	178.325644157948	5.71895714191701	1.31105035696525	4.36211859562357	1.28809010355182e-05	0.000743579287050368
LRRTM4	23.2141874257355	7.06790180234204	1.74963465780602	4.03964437421749	5.353230779743e-05	0.0023955542217241
LTBP1	3733.97182840435	-2.62301818286145	0.602156270449374	-4.35604229597071	1.32435196499936e-05	0.000761627318739254
LYNX1	265.048001037968	4.43327281022674	0.675017228257744	6.56764394246537	5.11175905008392e-11	1.58986138618937e-08
LZTS1	248.734402499879	2.93078110594412	0.902619388067325	3.24697335852653	0.00116639307489752	0.0272217924371181
MACROD2	218.156837963658	3.2755624976616	0.728490681120454	4.49636842659899	6.91239203225898e-06	0.000444493057264248
MAFB	183.340947944885	3.17748037407153	0.829050667650114	3.83267331908419	0.000126758233543741	0.00493090051213866
MAPK13	793.974956557828	5.93843793164211	0.991836608935834	5.98731472315143	2.13333738002424e-09	4.71189299587963e-07
MATN3	228.515868873001	2.22163477594216	0.657002576455424	3.38147041664287	0.000720989958421143	0.0185606198755713
MEG3	1109.66619390549	-5.72638773098845	1.63996836317938	-3.49176719475662	0.000479836272106439	0.0134219587132997
MEGF6	236.223561788339	6.6359462725106	0.969066192222795	6.84777399703668	7.50079372476965e-12	3.0895161179862e-09
METTL7A	411.01696053079	4.80568530979723	0.796767591719937	6.03147688201457	1.62467969815937e-09	3.75153312120436e-07
MGAT3	125.600118600492	5.55661731041372	1.24380590908508	4.46743118828008	7.91644634805556e-06	0.000496488240100275
MGC87042	282.632007058769	-4.32657008818773	1.43109135189627	-3.02326618245216	0.0025006218467608	0.0468751253931545
MIR155HG	58.9313711332722	-3.94189278490195	1.26867882558934	-3.1070848708071	0.00188942145998258	0.0380380225232953
MLKL	623.084750962747	-3.02341019609656	0.709165764976993	-4.26333354683958	2.01399540581713e-05	0.00108074964734694
MLLT11	1976.34022291378	-2.97060529476834	0.820210342744331	-3.62176034604615	0.000292605130490894	0.00929712888750886
MME	1761.36940655438	-2.39285528502165	0.522958348846998	-4.57561350783928	4.74826434061804e-06	0.000327436871271579
MMP1	24285.3292837112	-9.17151627927336	1.54871619168098	-5.92201226314978	3.18025902032088e-09	6.54961452293112e-07
MMP24	777.614708542219	2.03131319995769	0.654964278459418	3.10141066736597	0.00192600976290157	0.0385201952580314
MMP28	47.9072151830936	5.01749685835269	1.652269872566	3.03672961763834	0.00239159876910131	0.04555995655138
MMP9	64.5668787166833	4.42780566240746	1.42647423607731	3.10402077403344	0.0019090992576271	0.0383290392173913
MOCOS	562.482326862655	-3.18465218261745	0.640477029137995	-4.97231288201484	6.61588163687832e-07	6.18564638932672e-05
MPZL2	111.749103018791	3.92141708181866	1.24480718826296	3.15022046690679	0.00163147297037189	0.0343420553431873
MS4A7	9.03219372033668	6.67936114018129	2.22204637495228	3.00595037775696	0.00264752199253152	0.0489069517165823
MST1R	119.850356312195	4.30707947106997	1.03391474686704	4.16579750324797	3.10266015629048e-05	0.00154524643077997
MST1	267.734354021078	3.43812660374694	0.458432671122829	7.49974166397437	6.39437299192253e-14	4.42955656349542e-11
MSX2	127.768359964409	-9.44898661242031	2.31945168352903	-4.07380187288219	4.62518329551661e-05	0.00213667304161903
MTL5	133.91414156798	3.47086526954101	1.05535236454104	3.28882123749298	0.001006079013678	0.0242859112877201
MUC1	342.482402879824	3.37922506786717	0.558186137178222	6.05393943488106	1.41345771062989e-09	3.31401469384609e-07
MX1	5352.30183888369	-4.1344562673769	1.12477618754051	-3.67580351822481	0.000237101958920038	0.00802985300875861
MYEOV	638.646182878219	-6.01448206887322	1.4597870102465	-4.12010932187813	3.78692675366393e-05	0.00181486678383139
MYO15B	110.481334905136	2.68525174091864	0.643470340584187	4.17307771867276	3.0051237455236e-05	0.00150651598295328
MYO1G	56.6880584952647	5.0430302707445	1.68257187311689	2.99721536495348	0.00272458157587981	0.0496682095890052
MYO3A	90.9231730462079	5.33209272552558	1.61419619530654	3.30324946932055	0.0009557132431859	0.0232668847063149
MYO5B	1999.26985138611	4.88385408477064	1.5057411198897	3.24348855208816	0.00118075555523135	0.0274309674721429
MYO5C	562.817971622339	4.60029496639328	0.958375615791308	4.80009600681976	1.58589585572987e-06	0.000128558791709166
MYPN	263.665968091623	-4.98847857599678	1.23262368213623	-4.04704099742053	5.18691593698364e-05	0.00235263687141758
MYRIP	256.683197130752	4.36919168476947	1.45510667653495	3.00266073630687	0.00267630600707108	0.0491408476479075
N4BP2L1	157.60527176795	3.86772800738929	0.760695815760706	5.08446073615051	3.68672021402953e-07	3.79632540958176e-05
N4BP3	88.0618302081778	2.39103249577917	0.663725017123765	3.60244443721686	0.00031523879565972	0.00986496765062451
NCRNA00086	133.822265155382	3.69031092097755	0.8031639071289	4.59471707857172	4.33336806612205e-06	0.00030293820792523
NCRNA00230B	36.0305308399086	8.6753550661858	2.78431504059792	3.11579506618001	0.00183449713925689	0.0372007704874027
NEIL1	69.0843221620247	2.27106128879398	0.649863778909194	3.49467282605902	0.00047464319958963	0.013321477645941
NETO1	555.466737317336	-6.83590348583131	1.26785558439706	-5.39170515156281	6.97922186581538e-08	8.93809590210305e-06
NEURL1B	1056.20929929229	2.76404163785591	0.774252633782584	3.56994799533619	0.000357052104397081	0.010882948142023
NFE2	52.5650045649379	9.22048355958059	1.44214727270637	6.39357972246286	1.6204644651056e-10	4.7492073938864e-08
NKAIN4	339.55793892706	6.36281195606233	1.14335038288858	5.5650586655573	2.62064230317794e-08	3.89759633112556e-06
NLGN4X	43.2153555089214	6.49270047093368	1.57248615913445	4.12893966234175	3.64440016615186e-05	0.00175207124707111
NLGN4Y	224.932890988143	8.83236092236006	1.66635848076522	5.30039665792926	1.15551356913266e-07	1.39762117409378e-05
NLRP3	292.391073807772	-3.97484849956189	1.20406499826573	-3.30119096999501	0.000962753282257641	0.0234008931764058
NMNAT2	462.068818250379	-3.09144078123422	0.77639812039698	-3.98177262414486	6.84032018574245e-05	0.00292550031409854
NPAS2	1560.95590986788	-3.29954486689353	0.937532956661358	-3.5193908048241	0.00043253904844074	0.0125176437502864
NPNT	731.714454991173	3.79048938159631	1.1870718840133	3.1931422457596	0.00140733602271972	0.0310837695452877
NRCAM	3880.97454582091	-4.48368264466499	0.795771037496845	-5.63438782437815	1.75681268468048e-08	2.91019840375332e-06
NRXN3	822.048264868689	5.05285481719527	1.63238158109205	3.09538828158975	0.00196555403117938	0.0390548154304743
NT5M	89.4889365596502	2.09525193410716	0.574353785088043	3.64801623756337	0.000264272939981841	0.00864274593417009
NTF3	72.0791929487816	9.67587119060095	1.85995130826117	5.20221747076096	1.96924595711195e-07	2.19060645156104e-05
NTSR1	1073.80886338515	-10.1167473198024	1.10800484757641	-9.13059842827515	6.81216830740583e-20	1.29771806256081e-16
NYNRIN	357.86620118513	4.43144840257013	0.818131876555785	5.4165453389078	6.07615882562775e-08	7.91458636774076e-06
OAS2	4283.38892519341	-4.41981326035649	1.17761086517367	-3.75320353358381	0.000174588985428511	0.00639600033156373
OBSCN	868.155276983295	3.56583239761367	0.71586008882951	4.98118620280131	6.31956951102573e-07	5.98200244397715e-05
OLFML2A	4651.20790369556	2.37873709008555	0.731810044761512	3.25048433963592	0.00115208613420027	0.026970495676209
OLFML2B	1556.2501156307	3.80071580619222	0.346292491153008	10.9754496655051	5.01556854886398e-28	1.52874529369374e-24
OPCML	59.9429297257733	4.4707343021259	1.07633961969044	4.15364650742086	3.27218541813819e-05	0.00161385455574194
OSBP2	594.713839850616	-3.22473518010664	0.942382005042158	-3.42189808681924	0.000621856177795801	0.0164247628242773
P2RX7	108.918824301338	4.34156446591336	0.689465871602369	6.29699691418119	3.03467319084846e-10	8.25864632652331e-08
P2RY2	728.741786606625	4.72278067419612	0.974622542060964	4.84575358190382	1.26131991585248e-06	0.000105041068402141
PADI2	453.321409073216	4.13132362220272	1.23523244744737	3.34457180973522	0.000824096927619573	0.0206566400936222
PALMD	115.915938393924	-5.90271071231109	1.69722809851521	-3.47785351743527	0.000505446058023765	0.0138620780590828
PALM	813.335191248504	5.89466388579251	1.06054023777408	5.55817089803639	2.72616394646724e-08	3.9948787061693e-06
PAMR1	240.419022731721	3.87451862871141	1.04949701864868	3.69178621745892	0.000222684610396476	0.00762632238751077
PAPPA2	1202.21984701947	-5.97315805767274	1.59756418929544	-3.73891584306671	0.000184815579070591	0.00668574264114709
PAPPA	5225.01408652875	-3.49507066043154	0.753167370150243	-4.64049665313347	3.47572805710204e-06	0.000248685894789836
PARP9	2844.0144448875	-2.37858834376379	0.691261730105094	-3.44093740500022	0.000579702623610699	0.015581425015568
PCDH19	79.3809832082406	-3.54220673731645	1.1511769634442	-3.07703059546862	0.00209073840280186	0.0410807676290606
PCDHA3	90.885861111191	4.65713246334035	1.28940073110865	3.61185809111187	0.000304010922822968	0.00959239433503526
PCDHA4	83.274152855122	5.86366028748347	1.73261976702804	3.3842741489331	0.000713667058624359	0.0184031911564048
PCDHA6	118.946827865495	-4.87955828400224	1.31265342863744	-3.71732414478003	0.000201344043753857	0.00711945064224776
PCOLCE	1825.46138774579	-4.16657356102659	1.1714581520342	-3.55674127478771	0.000375483624946158	0.0113314266221375
PDE10A	1337.11420200909	9.44931555279491	0.783342356016032	12.0628170814774	1.66005866145602e-33	1.26496470002949e-29
PDE1A	2746.01406668871	7.90690757219963	1.17510425092743	6.72868604292702	1.71202001696938e-11	5.94625419316613e-09
PDE6B	183.276847918061	5.85488992048805	1.08889808458272	5.37689431489055	7.57816252279123e-08	9.62426640394487e-06
PDZK1IP1	131.025772810849	4.30898307239682	0.73124812364786	5.89264154402378	3.80070289184779e-09	7.7230282762347e-07
PEX5L	354.379032659144	-3.33826630033287	1.11145872312702	-3.00350002287161	0.00266893528848586	0.049064624603769
PGR	36.0590011333044	5.41333023752663	1.56338229248846	3.46257614886384	0.00053503049277255	0.0145345181993826
PHGDH	6059.0725311101	-2.67653277905319	0.611347669197317	-4.3780861756902	1.19726012837009e-05	0.000699089822082766
PIK3IP1	552.648003929959	2.22696614253988	0.39702785200626	5.60909299256106	2.03389721064386e-08	3.29750994576727e-06
PITPNM3	323.110383494797	3.9242439446898	1.24698143651276	3.14699467833629	0.00164957964087073	0.0345799088402613
PLA2G4A	1001.9291604877	-3.95426942466675	0.822311636134772	-4.80872366497641	1.51897010111568e-06	0.000123792001823545
PLA2R1	645.607298270356	2.7973469446296	0.768477872455722	3.64011384698754	0.000272517521331767	0.00880797085877252
PLCD3	4248.7207073284	2.89930255831719	0.569987893440724	5.08660375366149	3.64532336214032e-07	3.77923319993322e-05
PLEKHA6	75.3777783983724	3.80493525835962	1.0438797487842	3.64499384415801	0.000267398202033281	0.0087262282633559
PLLP	92.9305693120569	3.99896532619011	0.910775000897763	4.39072803079606	1.12971771308943e-05	0.00066474509449741
PLXDC2	1161.82051777835	5.36449797841561	1.07283072040712	5.00032099787365	5.72349441714439e-07	5.59141377674875e-05
PLXND1	5085.37600259999	2.16582375035295	0.649024904593558	3.33704259270183	0.000846749708165513	0.0210513304281279
POLR3G	727.717966981904	-2.32525013341944	0.508518778018841	-4.57259443294992	4.8172199987304e-06	0.000329212703052248
POPDC3	589.42256690042	-3.67429141873398	0.85305109875137	-4.30723484690674	1.65308072569166e-05	0.000916107282165124
POU2F2	1092.21551277804	-5.35451313175474	0.778003575126183	-6.88237599793331	5.88623980724128e-12	2.49184151839881e-09
PPAN-P2RY11	51.3046540330294	-9.09669478291853	2.65938293044731	-3.42060358392556	0.000624823360119935	0.0164745813291139
PPFIA4	302.030185631318	2.53784956391601	0.638509120642812	3.97464888420239	7.04831599252187e-05	0.00298378710350092
PPP1R14A	120.918902576688	6.05413552901191	1.62525811466257	3.72503018098688	0.000195291855390506	0.00693764073694946
PPP1R14C	470.798521669788	7.20528133732675	1.17304226139164	6.14238853490134	8.1289719950616e-10	1.99815376136675e-07
PPP2R2C	38.8980951868891	3.20965667224827	0.966338781080045	3.32146110152067	0.000895474635192987	0.0220113442586147
PRKY	93.4207871755372	4.94736467767571	1.25440401501513	3.94399620732722	8.01349257300919e-05	0.00333676575990875
PRNP	24839.2158186188	-2.41574770172249	0.575798594577007	-4.19547342503874	2.72302214044562e-05	0.0013972679266125
PRRX1	1257.90462387501	-5.41638876088937	1.01296338133567	-5.34707261949337	8.93881587341036e-08	1.11661929435061e-05
PRSS23	22383.8580627701	3.61733740322787	0.662130551679756	5.46317851374032	4.67683864149227e-08	6.30752397312763e-06
PRSS3	81.6392346376296	-6.91952581768516	1.73641316652539	-3.98495355315193	6.7493326136321e-05	0.00290564488790263
PRTG	185.77230849825	3.16757370655221	1.02972575323621	3.07613332637082	0.00209704052519725	0.0411311423474983
PSAT1	5966.5047269176	-3.35277265592881	0.598297538011094	-5.60385501012482	2.09636088704105e-08	3.32797290817767e-06
PSD2	22.6268331620316	5.13375741255069	1.26019674707042	4.07377453122709	4.62572660022642e-05	0.00213667304161903
PTGER3	85.1467201353379	-3.98135266000492	1.00886820060658	-3.94635558699457	7.93497442425739e-05	0.00331312356782692
PTGS2	1268.03183626373	-5.31709412652257	1.36008520995506	-3.90938309423883	9.25321222041807e-05	0.00374055581536264
PTPN6	178.693776276813	5.44651876499368	0.824472357680761	6.60606594539413	3.94667139743833e-11	1.25306816868667e-08
PTPRQ	292.740081601598	6.59211252658303	1.17753850826337	5.59821396949901	2.16571354958405e-08	3.36790556078173e-06
PVRL4	66.1430633066338	4.82946891007149	1.35692193117068	3.55913542196556	0.000372077650265502	0.0112509194246949
QPRT	283.645371905416	-4.34443931933455	1.08641459418014	-3.99887790775956	6.36434983460096e-05	0.00278714630687697
RAGE	2335.01127263809	-2.48452753985355	0.322062356806535	-7.71443010132978	1.21524013272511e-14	9.74750506459508e-12
RANBP3L	192.913246752334	4.61400550150279	1.31555237399485	3.50727617745218	0.000452719023492575	0.012920295726642
RAPGEF3	2801.46464939883	4.00380944477375	0.728035825248109	5.49946761673339	3.80939657781412e-08	5.32616549044837e-06
RARB	350.415048965138	-5.54206576160503	1.11552691264029	-4.96811479741689	6.76069377032812e-07	6.28249835730491e-05
RASAL1	298.675094008095	7.16251254652868	0.633377712337894	11.3084379304898	1.19192597209229e-29	4.54123795367161e-26
RASD2	288.576816275921	5.3289643152037	1.08264452848427	4.92217359899686	8.55882384495761e-07	7.6278640583131e-05
RASGEF1A	30.452951099099	6.60470925783521	1.88282330992576	3.50787523344165	0.000451700839931818	0.0129154236408272
RELN	406.853351096388	5.69672640717674	0.919763033621062	6.19368924270527	5.87720475493633e-10	1.49281000775383e-07
REPS2	176.615415852674	4.11594313825257	0.737814043517811	5.57856437460614	2.42511727208167e-08	3.65928586401234e-06
RGL3	130.532985919573	5.22241053452267	0.996179950541737	5.24243690277309	1.58469590760647e-07	1.80229594268079e-05
RGNEF	1983.03361349125	-2.5560086891562	0.844710982066423	-3.0258973109399	0.00247896478147418	0.0465263833370277
RHOB	3263.75772833672	2.01205056976252	0.587232198855125	3.42632875664045	0.000611799397032174	0.0162154099834136
RICH2	70.0768274143949	3.22294165521582	0.901057040302357	3.57684531728905	0.000347765818872814	0.0106638854720758
RIMS1	168.211447187791	3.43959196934604	0.888818856098996	3.86984585862897	0.000108904186205083	0.00433341983750773
RIPK2	1271.14486320037	-2.12798254263239	0.378936529316278	-5.6156701135991	1.95801910864644e-08	3.20862486191094e-06
RIPK3	25.1225315153898	7.18488541657859	1.78089081819139	4.03443341005897	5.47342089824645e-05	0.00243192228831708
RNF165	186.047844893752	4.40883042038853	1.202871827878	3.66525370218887	0.000247093512063362	0.0082945046780741
RNF43	50.1292001374515	6.23663230148303	1.31386060931021	4.74679905713689	2.066610785171e-06	0.000162346125597969
ROR1	3028.22154568798	2.03565355633782	0.559574092823813	3.6378624072197	0.000274910213412794	0.00885181764192811
RPH3AL	286.782073041518	3.06624494605565	0.918066206389963	3.33989523273359	0.000838100005744825	0.0209419668950574
RSAD2	694.333186640907	-4.62424247773914	1.19142177199123	-3.88128082468279	0.000103907771678133	0.00414543047218519
RTN1	691.801794969398	-8.02697013736703	1.63570440684572	-4.90734762575237	9.23163252452933e-07	8.17965579498994e-05
RTN4R	170.612380143129	2.84853714762052	0.773369708445083	3.68327995849193	0.000230252044172964	0.00785020392213864
RTP4	215.867578943788	-2.71416893627602	0.580424711774204	-4.67617742873064	2.92271754315283e-06	0.000214312884658712
S100A1	2823.79154121962	7.19953267090518	1.25455137913463	5.73873082493546	9.53886887017529e-09	1.73062335216037e-06
SALL4	86.5875298589766	-4.24834618961245	1.33257086113675	-3.18808276055833	0.00143219538378122	0.0314052628040659
SAMD14	144.681861783263	2.4750339088245	0.775836246126356	3.19014988173342	0.00142199024896687	0.0313166638645306
SAMD3	183.778714659887	-3.44685004868814	1.14749818492286	-3.00379564340648	0.00266634353367642	0.049064624603769
SAMD9	3408.50322350242	-2.68500698556917	0.60146596914031	-4.46410457670102	8.04042889334302e-06	0.000499753273788397
SCN4B	162.596209731018	4.44724376549937	1.23235816930776	3.60872664803081	0.000307703620589422	0.00966887253151091
SCN9A	721.544779173896	2.65345439614299	0.656902598092846	4.03934221579674	5.36013116540627e-05	0.0023955542217241
SCNN1A	225.30337158359	5.61747836973932	1.15542019948005	4.86184885141114	1.16294410178647e-06	9.79186083493139e-05
SCUBE2	67.46216257668	2.89256857454856	0.836522040270425	3.45785100128799	0.000544502434588207	0.0147655108596517
SCXB	122.336745241433	3.74635861122835	1.06415155673519	3.52051226868677	0.000430714066731212	0.0125030140513975
SDC2	3634.84664000831	3.29542550506712	0.80645134549755	4.0863289812406	4.3825225303072e-05	0.00206446075579103
SEC14L2	1183.61210274681	-2.06600566155772	0.660827898821794	-3.12638988947235	0.00176966761020033	0.0363712906815596
SEMA3B	2923.10796301932	4.15598103559837	1.23439602138	3.36681337562331	0.00076042129908251	0.01934694590654
SEMA3F	3551.79903343549	4.55827023696589	0.850478933152624	5.35965096756592	8.3382889962781e-08	1.05021094465519e-05
SEMA4A	49.4674324898135	4.23915205886603	1.01092191810261	4.19335260513734	2.74861695338375e-05	0.00140096730333004
SEMA6B	1211.61117366407	3.67396083799013	0.782695973611227	4.69398203371239	2.67937575519217e-06	0.000199188714678676
SEPP1	481.172974730537	5.55770630326624	0.788767114925211	7.04606746161471	1.84045051241034e-12	8.49953509367683e-10
SERPINA1	1125.46528902175	4.10687736540211	1.250313081768	3.28467919378624	0.00102098550472539	0.0243884311787067
SERPINB2	138.402027435322	-6.27730063285586	1.25320110423636	-5.00901300807658	5.47098758009023e-07	5.37921617552098e-05
SERPINB3	25.4224832814528	8.17315639411943	2.41873637988935	3.37910177482564	0.000727230806212584	0.018689709083777
SERPINB8	1432.90034344999	-2.27751012048796	0.456540133242148	-4.9886306912693	6.08087674838702e-07	5.82846299656718e-05
SERPIND1	31.3925513378916	-5.11836403489623	1.59261105962034	-3.21381922094425	0.00130982111335367	0.0294498870427061
SGPP2	102.582290136476	5.42047962562272	1.42847110350766	3.79460222353294	0.000147880346357726	0.0055922989540738
SH3RF3	590.317282527385	-3.68707792782286	1.04898489626788	-3.51490087315927	0.000439918162114447	0.0126763542660668
SHE	38.753778625146	7.81258755842793	1.95482668763551	3.99656276837399	6.42688464718078e-05	0.00279844920065814
SHISA3	243.761257610529	4.35331761084953	1.26786781665338	3.43357371617838	0.000595680203323269	0.0158432221616869
SIRPB1	438.056236026494	-3.07534630466561	0.792234742164741	-3.88186245943012	0.000103659503981176	0.00414543047218519
SLC16A6	247.327809001728	-4.4302362888892	0.99663865061582	-4.44517808550949	8.78190900139102e-06	0.000539662472504835
SLC1A1	904.167135743691	2.35697392676264	0.612607575980372	3.84744495363238	0.000119356083023394	0.00470022404464217
SLC1A5	8539.18718536699	-2.0851606169695	0.59187758353088	-3.5229592655467	0.000426756945236315	0.0124355178688364
SLC24A1	528.111609876524	2.11447089782644	0.503255417763534	4.20158596051115	2.6505156656443e-05	0.0013786299912771
SLC35F1	114.554894413505	-6.00964137496866	1.89761885356308	-3.16693806223763	0.00154053126083551	0.0327900787920855
SLC3A2	8299.78839074054	-2.02707461805134	0.381907272011238	-5.30776648314697	1.10976689741572e-07	1.35302780132925e-05
SLC44A4	19.9312501683395	5.93386477292286	1.67598487368038	3.54052406206531	0.000399333220094587	0.0117942602213983
SLC4A11	1265.22444579148	2.96590326196217	0.814828519589014	3.63991096366893	0.000272732330451909	0.00880797085877252
SLC6A15	718.96786327975	-2.88184444231864	0.954708676040464	-3.01855897473429	0.00253979963328042	0.0473764337958307
SLC7A11	9528.64390795372	-4.15485175147194	1.00260079165597	-4.14407387870646	3.41189745357719e-05	0.00166736347588173
SLC7A5	6013.85046703134	-2.84857846210789	0.932422649185093	-3.05502924515771	0.00225038577209214	0.0436334340543056
SLC7A7	1225.52007556081	5.0809052232682	1.28441593316515	3.95580986818456	7.62758087613587e-05	0.00320232321080746
SLIT3	1909.20943968184	3.06353651334781	0.904316617491705	3.38768132100139	0.000704861096386615	0.0182069205236136
SLITRK1	51.6984122708745	6.4008391446033	1.78176987691158	3.59240507292567	0.000327640022849327	0.0101695192428182
SLPI	692.982278603135	6.38035702627313	1.4779894143417	4.31691659247435	1.58223911614189e-05	0.000883271946153934
SNAI1	469.97082809434	2.8150170071568	0.836966212022556	3.36335800265368	0.000770004374993075	0.0195581111248241
SNCG	116.757997310028	5.67694050563578	1.32021943821039	4.29999766806274	1.7079990666207e-05	0.000939707789722002
SNTA1	1132.77509668515	2.09118995576317	0.38316394588468	5.45768979107587	4.82369435426696e-08	6.44851771570425e-06
SP110	1037.50961020004	-2.07244879815565	0.662929840069412	-3.12619627732952	0.00177083318147751	0.0363712906815596
SPAG17	176.840267030888	6.98777153680358	1.19282063908652	5.85819133893838	4.67935340125451e-09	9.14273664552804e-07
SPATA18	283.057498659229	9.76089488840204	1.60326698902769	6.08812815033483	1.14238418188006e-09	2.76348173521462e-07
SPINLW1	13.2524101637411	7.23283084437776	2.27407263908419	3.18056280176282	0.00146989275387861	0.0317552463072482
SPINT2	4192.35600339687	5.91171629430679	0.755641351126225	7.82344201451633	5.13982373253613e-15	4.89568210524066e-12
SPOCD1	903.982310189734	-3.04399532135922	0.998175684352304	-3.04955867897584	0.00229177858229048	0.0441251079486994
SPOCK2	20202.1980937602	9.71579488278924	1.33193580584349	7.29449185175736	2.99788368653391e-13	1.6317052636706e-10
SPRY4	1563.45468614221	-2.9643854850379	0.780943432258271	-3.79590295863777	0.000147107037438845	0.00557689365812935
SRL	31.3571802196694	4.00615097608595	1.2592823741313	3.18129679123758	0.00146617341342234	0.0317480916150861
SSPO	121.176031647879	5.05908905315023	1.15283288103818	4.3883976041647	1.14188874550571e-05	0.00066932248005796
SSX1	381.276159149885	8.65437245528874	1.51912994470103	5.69692703739832	1.21986100110124e-08	2.13685996054977e-06
ST3GAL5	1062.46241993485	3.61601285406962	0.619374072416796	5.83817278621294	5.27764098874625e-09	1.00068287267146e-06
ST6GALNAC2	43.2790442632599	3.29061848712166	1.09312955988157	3.01027308005298	0.0026101290178422	0.0483333733073088
STAT1	12112.0542093223	-2.13939856942898	0.576168337650162	-3.71314844920891	0.000204696736423439	0.00720456873693581
STC1	2023.26374887259	-2.0462175003517	0.659291554463932	-3.10366102295285	0.00191142190322949	0.0383290392173913
STC2	17233.1265282174	-3.1355177935729	0.753574770939355	-4.16085823794814	3.17053855374907e-05	0.0015739090410142
STEAP1	687.338017300398	-3.9213602735745	0.799847980118538	-4.90263196388062	9.45610486668652e-07	8.28224357289096e-05
STXBP5L	44.6673214382122	-5.96779526744929	1.64281738251891	-3.63265894977258	0.000280515672192084	0.00898121605925917
SULF2	2427.19443427954	6.64905195072679	1.35600513872815	4.90341206004807	9.41861186168411e-07	8.28224357289096e-05
SULT1C2	77.2247565248525	6.98538552137944	1.38316261800901	5.05029953125435	4.41117825217343e-07	4.39387951392961e-05
SUSD2	66.7270007638358	4.54308630662142	1.44591378634412	3.1420174214593	0.00167788051983467	0.0350286289346306
SUSD3	144.901374875145	6.24913352155161	1.15019242629324	5.43312004034915	5.53771269821612e-08	7.27540875179428e-06
SYCE1L	61.6356484327719	3.14709310843556	1.00232605697437	3.13978977852318	0.00169069110883164	0.0351037227501284
SYT11	1880.35270084249	-2.44595756646002	0.632508573882842	-3.86707416698684	0.000110148936316477	0.00437153591006018
SYTL1	627.91407690156	7.71387217942594	0.907831029355104	8.49703516402787	1.94494530627702e-17	2.28007434366629e-14
TBX18	328.659311881669	-6.12021442278965	1.75666241340502	-3.48400146555567	0.000493976783024734	0.0136380546617698
TFPI2	19311.5781566226	-4.24273838429048	0.832786867729187	-5.09462690719346	3.49428702479907e-07	3.65465212767631e-05
THRSP	126.115494888289	9.51909439829964	2.15710494521194	4.41290277481811	1.01993806785701e-05	0.000616819688656384
THSD1	295.892010162248	2.49994740657288	0.527946256133775	4.73523086399049	2.18805887066169e-06	0.000166730085944421
TIAM2	203.560331624473	4.73991890089558	0.743383743501291	6.3761401057425	1.81606800188656e-10	5.22205214127382e-08
TINAGL1	2966.52764169555	4.91486862243534	1.34268354033925	3.66048177010759	0.00025174146527128	0.00836345285767545
TIPARP	2446.40633783856	-2.0402642229681	0.56529752643514	-3.60918653905023	0.00030715868383969	0.00966887253151091
TJP3	31.2046500980054	7.49953898558531	1.85583008651068	4.04106983721008	5.3207908745423e-05	0.00239200156129866
TLR5	78.323792647901	2.58374427229892	0.698365789846778	3.69970051492041	0.000215854038675993	0.00745944569029962
TMEM100	167.350436231286	5.39937753847341	1.51931739024574	3.55381803245212	0.000379681820287272	0.0113904546086182
TMEM139	204.092849104649	5.76676981543247	1.16328224530041	4.95732642592105	7.14698431348105e-07	6.56144824924405e-05
TMEM156	91.6687297488536	-4.31305496151324	1.39600950360259	-3.08955988507444	0.00200453291236383	0.039687122097196
TMEM158	2957.04754529838	-4.23885369947774	0.926665708433059	-4.57430728352451	4.77798166191285e-06	0.000328001984358342
TMEM184A	136.962015844084	4.31734133436011	1.09046446732967	3.95917653780359	7.52086298482907e-05	0.00316624176488384
TMEM37	192.549271484222	3.48623867919527	0.830095584739272	4.19980390606496	2.67146243098951e-05	0.00138479889279864
TMEM56	792.655230115384	3.28139040272288	0.691891727509285	4.74263569321089	2.10955434281838e-06	0.000164869785561806
TMEM92	138.396450716063	5.8314097481443	0.642579922648226	9.07499525368246	1.13682456137661e-19	1.57501875594359e-16
TMIE	17.3260414682545	3.65351510132225	1.05341286575639	3.46826512195568	0.000523830216580288	0.0142811672641925
TMOD1	258.606795319008	-3.81748932244445	1.07594502971715	-3.5480337907672	0.000388118425183561	0.0115525874996044
TMPRSS2	114.161997081535	5.85590661801168	1.45821443867804	4.01580622348001	5.9242918942154e-05	0.00261699154979254
TMPRSS3	34.2029202650295	7.63192890051208	2.04144787706567	3.73848824956631	0.000185130144000267	0.00668574264114709
TNFAIP2	9156.89443470583	4.30275598073703	1.23253250805523	3.49098782597322	0.000481238181010255	0.0134219587132997
TNFRSF10C	303.333480748148	4.25575586357839	0.752412642659169	5.65614613882316	1.54809667208565e-08	2.59263662445993e-06
TNFSF13	274.546733611688	3.5405906678989	0.885797940090935	3.9970635600433	6.41330853976725e-05	0.00279844920065814
TNNC1	178.148627372947	7.15574514683131	1.34260496455723	5.3297472717086	9.83495307915546e-08	1.2185746741978e-05
TNS4	1570.75449031911	8.41611100906002	1.13513847006125	7.41417124961498	1.22387694062066e-13	7.46075383002353e-11
TNXB	172.676558922329	2.96561433902969	0.912229118482922	3.25095338324833	0.00115018715224165	0.0269674649233273
TP63	454.628744580518	6.42487038705743	1.43039363484887	4.49167993378008	7.06635641450591e-06	0.00045248433511374
TPCN1	5251.65834634789	2.10266888510531	0.659332475863115	3.18908739077771	0.00142722723917198	0.0313866423159899
TPM2	5457.8140596769	-2.90918546176185	0.845983951478256	-3.43881873489254	0.000584258299795026	0.0156212219103091
TREM1	20.9808695418651	4.60870593613385	1.48870870079932	3.09577416566406	0.00196299805518834	0.0390548154304743
TRHDE	1082.7603739753	-6.222372744647	0.763851074624621	-8.14605484152112	3.75989664221332e-16	4.09291605909508e-13
TRIM17	15.0251624694016	3.23063030414818	1.03587616528983	3.11874180756374	0.00181625041135921	0.0370048880603132
TRIM29	14.5088188023759	7.36283428738695	2.39218058511391	3.0778756140755	0.00208481915878769	0.0410807676290606
TRIM47	874.158299580905	2.08029033526614	0.587488566325427	3.54098863281333	0.000398630751896299	0.0117942602213983
TRIM55	492.345321912262	2.96557428678325	0.930584257044546	3.18678750938862	0.00143862424762562	0.0314557152565487
TRIM67	37.4914755544329	6.87705119904845	1.99919243428862	3.43991457805589	0.000581897814931678	0.0155889914402074
TSHZ2	62.6250081883425	6.29092567779537	1.44491006595079	4.35385275944892	1.33765568378367e-05	0.000766386188754253
TSPAN11	176.038157829362	6.42225647860806	0.902597394734348	7.11530580087511	1.11664972492241e-12	5.48959413155403e-10
TSPAN18	250.995849283425	4.22467228338126	1.2138047931312	3.48052034996751	0.000500440805789839	0.0137666387729912
TSPAN8	54.81282577576	8.31422121031741	1.75955244740024	4.72519089874346	2.29899283853924e-06	0.000174311695817602
TTC39A	74.3487421205956	4.93099593624221	0.93701616711959	5.26244488544975	1.42152284129891e-07	1.6412127349542e-05
TTC9	129.265607503427	4.45770784512566	0.757437619127124	5.88524748779016	3.97458784910577e-09	7.86658685978857e-07
TTTY15	185.396880548309	9.14189819184733	1.80849591934383	5.05497308236352	4.30451475540195e-07	4.3158424258109e-05
TXK	146.061363484897	-3.50359461499273	0.880622043664488	-3.97854521153411	6.93382274568691e-05	0.00295171672190694
TXNRD1	35804.5914118987	-2.94638098615161	0.895656553131077	-3.28963258946916	0.00100318280063859	0.024267469653543
TYW1B	115.6776226312	-2.42300631606041	0.764995408677734	-3.1673475272858	0.00153836356773133	0.0327900787920855
UACA	6922.5542695324	2.52564895274195	0.524984880709	4.81089845736323	1.50253341900909e-06	0.00012311080271881
ULK2	677.368310744478	2.87876140329348	0.606033646874827	4.75016761550877	2.03248110931414e-06	0.000160492290704391
UPK3B	30.8915432885909	5.96297990377619	1.78540205779558	3.33985271146077	0.000838228333726052	0.0209419668950574
USP18	750.760158577838	-4.1799481176032	0.857438778948797	-4.87492310847864	1.08850844783069e-06	9.31958918255041e-05
USP9Y	519.722019042624	12.5259588661131	2.98484196543602	4.1965233038002	2.71043584662177e-05	0.00139550818589581
UTY	231.176188195687	8.95478621622804	1.98496087864679	4.5113162241932	6.44265883948408e-06	0.000417813279632925
VASH1	771.00401286077	2.03973018722739	0.359628205604423	5.67177478140024	1.41325693669034e-08	2.39311507946231e-06
VCAM1	1944.88421074834	10.2091700769128	0.857608293587475	11.9042343144872	1.12491096544493e-32	5.71454770446024e-29
VEPH1	1773.02728854209	-3.64193057399668	0.948732282270891	-3.83873368921244	0.000123670476039198	0.00483266167907018
VWA2	119.042736462131	4.01385668003003	1.1340306227545	3.53946057495394	0.000400945654191497	0.011796161717912
WARS	9177.22576757711	-2.10067305315843	0.699167382518827	-3.00453525962629	0.00265986926775462	0.0490162123828057
WBSCR17	50.631764947722	8.19956487340381	2.34588591229954	3.49529567077975	0.000473536869155403	0.0133149481290191
WFDC2	1454.07557290313	9.43962076954303	0.910597897552774	10.3663985991094	3.52562562909388e-25	8.95508909789846e-22
XYLT1	1012.42367424553	-3.38412255151658	0.768595615164343	-4.40299487109744	1.06766691017603e-05	0.00063559545746417
ZFP2	38.4192288387973	3.28202603460023	1.03775901071152	3.16260904576485	0.00156362162779724	0.0331786525774989
ZFY	152.513498399033	8.88741133247422	2.05496191115722	4.3248545309871	1.52632549092049e-05	0.000858346881240897
ZNF204P	108.261445512053	4.33234767705545	1.16698380500624	3.71243170511034	0.000205277461812332	0.00720836064059893
ZNF415	232.344077067439	4.07002913485734	1.06653165863495	3.81613532228999	0.000135558179394652	0.00519072023611683
ZNF423	40.2647841026437	6.31700793250847	1.58429644704207	3.98726383834448	6.68396825510448e-05	0.00290024908171393
ZNF467	395.674278235721	3.55422261159456	0.806134986890378	4.408967070521	1.03864814805659e-05	0.000625652086023021
ZNF677	33.6230935869621	6.20334486027557	1.79134032949687	3.46296276488001	0.000534262323717063	0.0145345181993826
ZNF804A	531.76979670196	-3.95433527889185	0.799638107520648	-4.94515611712482	7.60828663852971e-07	6.90180287923766e-05
psiTPTE22	148.194921945243	10.7156956138593	2.15347310850231	4.97600623455744	6.49095574073065e-07	6.10630651165032e-05
